0.0030
    0.0032
    0.0034
    0.0037
    0.0039
    0.0042
    0.0045
    0.0048
    0.0052
    0.0055
    0.0059
    0.0064
    0.0068
    0.0073
    0.0078
    0.0084
    0.0090
    0.0096
    0.0103
    0.0111
    0.0119
    0.0127
    0.0136
    0.0146
    0.0156
    0.0167
    0.0179
    0.0192
    0.0206
    0.0221
    0.0236
    0.0253
    0.0271
    0.0291
    0.0312
    0.0334
    0.0358
    0.0383
    0.0411
    0.0440
    0.0472
    0.0505
    0.0541
    0.0580
    0.0622
    0.0666
    0.0713
    0.0764
    0.0819
    0.0877
    0.0940
    0.1007
    0.1079
    0.1156
    0.1238
    0.1326
    0.1420
    0.1521
    0.1629
    0.1744
    0.1867
    0.1999
    0.2140
    0.2290
    0.2451
    0.2622
    0.2805
    0.2999
    0.3206
    0.3427
    0.3660
    0.3908
    0.4171
    0.4449
    0.4742
    0.5050
    0.5373
    0.5710
    0.6062
    0.6425
    0.6800
    0.7182
    0.7569
    0.7955
    0.8337
    0.8705
    0.9051
    0.9366
    0.9634
    0.9841
    0.9969
    0.9996
    0.9899
    0.9652
    0.9226
    0.8595
    0.7730
    0.6609
    0.5218
    0.3556
