1.0000
    1.0000
    1.0000
    1.0000
    1.0000
    1.0000
    1.0000
    1.0000
    1.0000
    1.0000
    1.0000
    1.0000
    1.0000
    1.0000
    1.0000
    1.0000
    1.0000
    1.0000
    0.9999
    0.9999
    0.9999
    0.9999
    0.9999
    0.9999
    0.9999
    0.9999
    0.9998
    0.9998
    0.9998
    0.9998
    0.9997
    0.9997
    0.9996
    0.9996
    0.9995
    0.9994
    0.9994
    0.9993
    0.9992
    0.9990
    0.9989
    0.9987
    0.9985
    0.9983
    0.9981
    0.9978
    0.9975
    0.9971
    0.9966
    0.9961
    0.9956
    0.9949
    0.9942
    0.9933
    0.9923
    0.9912
    0.9899
    0.9884
    0.9866
    0.9847
    0.9824
    0.9798
    0.9768
    0.9734
    0.9695
    0.9650
    0.9599
    0.9540
    0.9472
    0.9395
    0.9306
    0.9205
    0.9089
    0.8956
    0.8804
    0.8631
    0.8434
    0.8209
    0.7953
    0.7662
    0.7332
    0.6958
    0.6536
    0.6059
    0.5523
    0.4922
    0.4251
    0.3505
    0.2681
    0.1775
    0.0788
   -0.0278
   -0.1417
   -0.2616
   -0.3857
   -0.5112
   -0.6344
   -0.7505
   -0.8531
   -0.9346