 0.0060
    0.0064
    0.0068
    0.0073
    0.0078
    0.0084
    0.0090
    0.0097
    0.0103
    0.0111
    0.0119
    0.0127
    0.0136
    0.0146
    0.0157
    0.0168
    0.0180
    0.0193
    0.0206
    0.0221
    0.0237
    0.0254
    0.0272
    0.0292
    0.0312
    0.0335
    0.0359
    0.0384
    0.0412
    0.0441
    0.0473
    0.0507
    0.0543
    0.0581
    0.0623
    0.0667
    0.0715
    0.0766
    0.0821
    0.0879
    0.0942
    0.1009
    0.1081
    0.1158
    0.1241
    0.1329
    0.1423
    0.1524
    0.1632
    0.1748
    0.1872
    0.2004
    0.2145
    0.2296
    0.2456
    0.2628
    0.2811
    0.3006
    0.3214
    0.3434
    0.3669
    0.3917
    0.4180
    0.4459
    0.4752
    0.5061
    0.5384
    0.5722
    0.6074
    0.6438
    0.6813
    0.7195
    0.7582
    0.7969
    0.8349
    0.8717
    0.9063
    0.9376
    0.9642
    0.9847
    0.9972
    0.9995
    0.9893
    0.9640
    0.9208
    0.8569
    0.7696
    0.6566
    0.5165
    0.3494
    0.1571
   -0.0556
   -0.2805
   -0.5049
   -0.7116
   -0.8787
   -0.9808
   -0.9920
   -0.8903
   -0.6647