 1.0000
    1.0000
    1.0000
    1.0000
    1.0000
    1.0000
    1.0000
    1.0000
    0.9999
    0.9999
    0.9999
    0.9999
    0.9999
    0.9999
    0.9999
    0.9999
    0.9998
    0.9998
    0.9998
    0.9998
    0.9997
    0.9997
    0.9996
    0.9996
    0.9995
    0.9994
    0.9994
    0.9993
    0.9992
    0.9990
    0.9989
    0.9987
    0.9985
    0.9983
    0.9981
    0.9978
    0.9974
    0.9971
    0.9966
    0.9961
    0.9956
    0.9949
    0.9941
    0.9933
    0.9923
    0.9911
    0.9898
    0.9883
    0.9866
    0.9846
    0.9823
    0.9797
    0.9767
    0.9733
    0.9694
    0.9648
    0.9597
    0.9537
    0.9470
    0.9392
    0.9303
    0.9201
    0.9084
    0.8951
    0.8799
    0.8625
    0.8427
    0.8201
    0.7944
    0.7652
    0.7320
    0.6945
    0.6520
    0.6042
    0.5503
    0.4900
    0.4227
    0.3478
    0.2651
    0.1743
    0.0753
   -0.0316
   -0.1457
   -0.2658
   -0.3900
   -0.5155
   -0.6386
   -0.7543
   -0.8563
   -0.9370
   -0.9876
   -0.9985
   -0.9599
   -0.8632
   -0.7025
   -0.4774
   -0.1950
    0.1264
    0.4555
    0.7471